crossing time (s)	slope (V/s)	crossing number
281474976710655.000000	25.058327	18331	0.000000
281474976710655.000000	22.283033	18332	0.000000
281474976710655.000000	27.269545	18333	0.000000
281474976710655.000000	25.160116	18334	0.000000
281474976710655.000000	24.414759	18335	0.000000
281474976710655.000000	24.656755	18336	0.000000
281474976710655.000000	23.449821	18337	0.000000
281474976710655.000000	25.235209	18338	0.000000
281474976710655.000000	24.085224	18339	0.000000
281474976710655.000000	24.805824	18340	0.000000
281474976710655.000000	22.858019	18341	0.000000
281474976710655.000000	23.569782	18342	0.000000
281474976710655.000000	21.740820	18343	0.000000
281474976710655.000000	23.238304	18344	0.000000
281474976710655.000000	24.556549	18345	0.000000
281474976710655.000000	21.397047	18346	0.000000
281474976710655.000000	24.860941	18347	0.000000
281474976710655.000000	23.645144	18348	0.000000
281474976710655.000000	25.272804	18349	0.000000
281474976710655.000000	24.537699	18350	0.000000
281474976710655.000000	24.285767	18351	0.000000
281474976710655.000000	22.514801	18352	0.000000
281474976710655.000000	25.104778	18353	0.000000
281474976710655.000000	22.939322	18354	0.000000
281474976710655.000000	23.155285	18355	0.000000
281474976710655.000000	26.882341	18356	0.000000
281474976710655.000000	20.234926	18357	0.000000
281474976710655.000000	22.607605	18358	0.000000
281474976710655.000000	24.806324	18359	0.000000
281474976710655.000000	22.932272	18360	0.000000
281474976710655.000000	22.609936	18361	0.000000
281474976710655.000000	24.535252	18362	0.000000
281474976710655.000000	21.370832	18363	0.000000
281474976710655.000000	23.673002	18364	0.000000
281474976710655.000000	23.589180	18365	0.000000
281474976710655.000000	24.004232	18366	0.000000
281474976710655.000000	24.352795	18367	0.000000
281474976710655.000000	22.416456	18368	0.000000
281474976710655.000000	22.927691	18369	0.000000
281474976710655.000000	24.101599	18370	0.000000
281474976710655.000000	23.274094	18371	0.000000
281474976710655.000000	23.170166	18372	0.000000
281474976710655.000000	23.626261	18373	0.000000
281474976710655.000000	24.045378	18374	0.000000
281474976710655.000000	21.292240	18375	0.000000
281474976710655.000000	21.318249	18376	0.000000
281474976710655.000000	23.648777	18377	0.000000
281474976710655.000000	21.943039	18378	0.000000
281474976710655.000000	22.011627	18379	0.000000
281474976710655.000000	22.508631	18380	0.000000
281474976710655.000000	23.824520	18381	0.000000
281474976710655.000000	20.007822	18382	0.000000
281474976710655.000000	23.942688	18383	0.000000
281474976710655.000000	22.586140	18384	0.000000
281474976710655.000000	22.556885	18385	0.000000
281474976710655.000000	22.410839	18386	0.000000
281474976710655.000000	21.768076	18387	0.000000
281474976710655.000000	22.913195	18388	0.000000
281474976710655.000000	21.475718	18389	0.000000
281474976710655.000000	21.990385	18390	0.000000
281474976710655.000000	21.828960	18391	0.000000
281474976710655.000000	24.258236	18392	0.000000
281474976710655.000000	22.169308	18393	0.000000
281474976710655.000000	23.055685	18394	0.000000
281474976710655.000000	21.491892	18395	0.000000
281474976710655.000000	22.396772	18396	0.000000
281474976710655.000000	22.447784	18397	0.000000
281474976710655.000000	21.934204	18398	0.000000
281474976710655.000000	21.344505	18399	0.000000
281474976710655.000000	22.485804	18400	0.000000
281474976710655.000000	24.110996	18401	0.000000
281474976710655.000000	22.953539	18402	0.000000
281474976710655.000000	22.627769	18403	0.000000
281474976710655.000000	21.771635	18404	0.000000
281474976710655.000000	21.093430	18405	0.000000
281474976710655.000000	22.592897	18406	0.000000
281474976710655.000000	25.148144	18407	0.000000
281474976710655.000000	21.167803	18408	0.000000
281474976710655.000000	21.820202	18409	0.000000
281474976710655.000000	20.119747	18410	0.000000
281474976710655.000000	20.449881	18411	0.000000
281474976710655.000000	24.765907	18412	0.000000
281474976710655.000000	23.431665	18413	0.000000
281474976710655.000000	21.307909	18414	0.000000
281474976710655.000000	22.877090	18415	0.000000
281474976710655.000000	21.764576	18416	0.000000
281474976710655.000000	22.172514	18417	0.000000
281474976710655.000000	20.615374	18418	0.000000
281474976710655.000000	22.274147	18419	0.000000
281474976710655.000000	22.117016	18420	0.000000
281474976710655.000000	22.132086	18421	0.000000
281474976710655.000000	21.892117	18422	0.000000
281474976710655.000000	21.751534	18423	0.000000
281474976710655.000000	21.825951	18424	0.000000
281474976710655.000000	22.497227	18425	0.000000
281474976710655.000000	21.011156	18426	0.000000
281474976710655.000000	22.180735	18427	0.000000
281474976710655.000000	21.131580	18428	0.000000
281474976710655.000000	21.397795	18429	0.000000
281474976710655.000000	21.600149	18430	0.000000
281474976710655.000000	21.872089	18431	0.000000
281474976710655.000000	20.709927	18432	0.000000
281474976710655.000000	21.715878	18433	0.000000
281474976710655.000000	19.158329	18434	0.000000
281474976710655.000000	21.260700	18435	0.000000
281474976710655.000000	21.481817	18436	0.000000
281474976710655.000000	22.675997	18437	0.000000
281474976710655.000000	20.706421	18438	0.000000
281474976710655.000000	21.176941	18439	0.000000
281474976710655.000000	22.039274	18440	0.000000
281474976710655.000000	21.663670	18441	0.000000
281474976710655.000000	20.242949	18442	0.000000
281474976710655.000000	21.174803	18443	0.000000
281474976710655.000000	20.137899	18444	0.000000
281474976710655.000000	21.418831	18445	0.000000
281474976710655.000000	21.054705	18446	0.000000
281474976710655.000000	21.689228	18447	0.000000
281474976710655.000000	20.115273	18448	0.000000
281474976710655.000000	20.687912	18449	0.000000
281474976710655.000000	20.614517	18450	0.000000
281474976710655.000000	21.582966	18451	0.000000
281474976710655.000000	22.103640	18452	0.000000
281474976710655.000000	21.701517	18453	0.000000
281474976710655.000000	20.316164	18454	0.000000
281474976710655.000000	20.354036	18455	0.000000
281474976710655.000000	20.710102	18456	0.000000
281474976710655.000000	18.686836	18457	0.000000
281474976710655.000000	20.420668	18458	0.000000
281474976710655.000000	20.732227	18459	0.000000
281474976710655.000000	20.819145	18460	0.000000
281474976710655.000000	20.563858	18461	0.000000
281474976710655.000000	19.404160	18462	0.000000
281474976710655.000000	20.725668	18463	0.000000
281474976710655.000000	20.136845	18464	0.000000
281474976710655.000000	20.563261	18465	0.000000
281474976710655.000000	19.088652	18466	0.000000
281474976710655.000000	18.506994	18467	0.000000
281474976710655.000000	19.262104	18468	0.000000
281474976710655.000000	20.654648	18469	0.000000
281474976710655.000000	19.304165	18470	0.000000
281474976710655.000000	20.406345	18471	0.000000
281474976710655.000000	19.618261	18472	0.000000
281474976710655.000000	20.854036	18473	0.000000
281474976710655.000000	19.742355	18474	0.000000
281474976710655.000000	19.757425	18475	0.000000
281474976710655.000000	19.565773	18476	0.000000
281474976710655.000000	20.317528	18477	0.000000
281474976710655.000000	19.492310	18478	0.000000
281474976710655.000000	20.025995	18479	0.000000
281474976710655.000000	19.747314	18480	0.000000
281474976710655.000000	20.832312	18481	0.000000
281474976710655.000000	18.960911	18482	0.000000
281474976710655.000000	20.012968	18483	0.000000
281474976710655.000000	19.612303	18484	0.000000
281474976710655.000000	19.527691	18485	0.000000
281474976710655.000000	19.319941	18486	0.000000
281474976710655.000000	19.149401	18487	0.000000
281474976710655.000000	18.703810	18488	0.000000
281474976710655.000000	19.765501	18489	0.000000
281474976710655.000000	19.598488	18490	0.000000
281474976710655.000000	20.141947	18491	0.000000
281474976710655.000000	18.752689	18492	0.000000
281474976710655.000000	19.535673	18493	0.000000
281474976710655.000000	18.920174	18494	0.000000
281474976710655.000000	19.566654	18495	0.000000
281474976710655.000000	18.890755	18496	0.000000
281474976710655.000000	18.605150	18497	0.000000
281474976710655.000000	19.810862	18498	0.000000
281474976710655.000000	19.965271	18499	0.000000
281474976710655.000000	18.600975	18500	0.000000
281474976710655.000000	18.915640	18501	0.000000
281474976710655.000000	18.742418	18502	0.000000
281474976710655.000000	19.266638	18503	0.000000
281474976710655.000000	19.163475	18504	0.000000
281474976710655.000000	19.157452	18505	0.000000
281474976710655.000000	18.776377	18506	0.000000
281474976710655.000000	18.434250	18507	0.000000
281474976710655.000000	17.946867	18508	0.000000
281474976710655.000000	18.993876	18509	0.000000
281474976710655.000000	18.416544	18510	0.000000
281474976710655.000000	18.961163	18511	0.000000
281474976710655.000000	19.132706	18512	0.000000
281474976710655.000000	19.481989	18513	0.000000
281474976710655.000000	18.230911	18514	0.000000
281474976710655.000000	19.528383	18515	0.000000
281474976710655.000000	18.311060	18516	0.000000
281474976710655.000000	18.453957	18517	0.000000
281474976710655.000000	18.839325	18518	0.000000
281474976710655.000000	19.004145	18519	0.000000
281474976710655.000000	17.994322	18520	0.000000
281474976710655.000000	18.806046	18521	0.000000
281474976710655.000000	18.680445	18522	0.000000
281474976710655.000000	18.123755	18523	0.000000
281474976710655.000000	18.580240	18524	0.000000
281474976710655.000000	19.053032	18525	0.000000
281474976710655.000000	18.399017	18526	0.000000
281474976710655.000000	18.498730	18527	0.000000
281474976710655.000000	18.175846	18528	0.000000
281474976710655.000000	18.460672	18529	0.000000
281474976710655.000000	18.754021	18530	0.000000
281474976710655.000000	18.530035	18531	0.000000
281474976710655.000000	17.654772	18532	0.000000
281474976710655.000000	17.725958	18533	0.000000
281474976710655.000000	18.669718	18534	0.000000
281474976710655.000000	18.166283	18535	0.000000
281474976710655.000000	18.346647	18536	0.000000
281474976710655.000000	18.918640	18537	0.000000
281474976710655.000000	18.346647	18538	0.000000
281474976710655.000000	18.315739	18539	0.000000
281474976710655.000000	17.287077	18540	0.000000
281474976710655.000000	18.533697	18541	0.000000
281474976710655.000000	17.217255	18542	0.000000
281474976710655.000000	18.076254	18543	0.000000
281474976710655.000000	16.761349	18544	0.000000
281474976710655.000000	17.509003	18545	0.000000
281474976710655.000000	17.428631	18546	0.000000
281474976710655.000000	18.601748	18547	0.000000
281474976710655.000000	17.807137	18548	0.000000
281474976710655.000000	17.313148	18549	0.000000
281474976710655.000000	17.495764	18550	0.000000
281474976710655.000000	17.905699	18551	0.000000
281474976710655.000000	17.167231	18552	0.000000
281474976710655.000000	17.785851	18553	0.000000
281474976710655.000000	16.958780	18554	0.000000
281474976710655.000000	17.533731	18555	0.000000
281474976710655.000000	17.203079	18556	0.000000
281474976710655.000000	17.446491	18557	0.000000
281474976710655.000000	16.601225	18558	0.000000
281474976710655.000000	17.320765	18559	0.000000
281474976710655.000000	16.891886	18560	0.000000
281474976710655.000000	17.194357	18561	0.000000
281474976710655.000000	17.474098	18562	0.000000
281474976710655.000000	17.508654	18563	0.000000
281474976710655.000000	16.897038	18564	0.000000
281474976710655.000000	16.882095	18565	0.000000
281474976710655.000000	17.087624	18566	0.000000
281474976710655.000000	17.140657	18567	0.000000
281474976710655.000000	17.201054	18568	0.000000
281474976710655.000000	17.453653	18569	0.000000
281474976710655.000000	17.108849	18570	0.000000
281474976710655.000000	16.740341	18571	0.000000
281474976710655.000000	17.587259	18572	0.000000
281474976710655.000000	17.671141	18573	0.000000
281474976710655.000000	16.792772	18574	0.000000
281474976710655.000000	16.877008	18575	0.000000
281474976710655.000000	16.746820	18576	0.000000
281474976710655.000000	16.889183	18577	0.000000
281474976710655.000000	16.874329	18578	0.000000
281474976710655.000000	16.584450	18579	0.000000
281474976710655.000000	16.543081	18580	0.000000
281474976710655.000000	16.974586	18581	0.000000
281474976710655.000000	17.377306	18582	0.000000
281474976710655.000000	16.544247	18583	0.000000
281474976710655.000000	16.714468	18584	0.000000
281474976710655.000000	16.826210	18585	0.000000
281474976710655.000000	16.755091	18586	0.000000
281474976710655.000000	16.383547	18587	0.000000
281474976710655.000000	16.346197	18588	0.000000
281474976710655.000000	16.802158	18589	0.000000
281474976710655.000000	16.238716	18590	0.000000
281474976710655.000000	16.932995	18591	0.000000
281474976710655.000000	15.759945	18592	0.000000
281474976710655.000000	16.834784	18593	0.000000
281474976710655.000000	15.998917	18594	0.000000
281474976710655.000000	16.727175	18595	0.000000
281474976710655.000000	15.973968	18596	0.000000
281474976710655.000000	16.950058	18597	0.000000
281474976710655.000000	16.168297	18598	0.000000
281474976710655.000000	16.955046	18599	0.000000
281474976710655.000000	15.777576	18600	0.000000
281474976710655.000000	16.191391	18601	0.000000
281474976710655.000000	15.663050	18602	0.000000
281474976710655.000000	16.774405	18603	0.000000
281474976710655.000000	16.650532	18604	0.000000
281474976710655.000000	15.899809	18605	0.000000
281474976710655.000000	15.788728	18606	0.000000
281474976710655.000000	16.365549	18607	0.000000
281474976710655.000000	16.058821	18608	0.000000
281474976710655.000000	16.041172	18609	0.000000
281474976710655.000000	15.684585	18610	0.000000
281474976710655.000000	16.152838	18611	0.000000
281474976710655.000000	15.026722	18612	0.000000
281474976710655.000000	16.170549	18613	0.000000
281474976710655.000000	15.826830	18614	0.000000
281474976710655.000000	16.193020	18615	0.000000
281474976710655.000000	15.899392	18616	0.000000
281474976710655.000000	16.274801	18617	0.000000
281474976710655.000000	15.507026	18618	0.000000
281474976710655.000000	15.515475	18619	0.000000
281474976710655.000000	15.370820	18620	0.000000
281474976710655.000000	15.942978	18621	0.000000
281474976710655.000000	15.313979	18622	0.000000
281474976710655.000000	15.343138	18623	0.000000
281474976710655.000000	15.674900	18624	0.000000
281474976710655.000000	15.616851	18625	0.000000
