crossing time (s)	slope (V/s)	crossing number
281474976710655.000000	37.109909	19109	0.000000
281474976710655.000000	40.182728	19110	0.000000
281474976710655.000000	33.106178	19111	0.000000
281474976710655.000000	37.554749	19112	0.000000
281474976710655.000000	32.150623	19113	0.000000
281474976710655.000000	32.911964	19114	0.000000
281474976710655.000000	36.700356	19115	0.000000
281474976710655.000000	31.111830	19116	0.000000
281474976710655.000000	35.150867	19117	0.000000
281474976710655.000000	28.418686	19118	0.000000
281474976710655.000000	32.619320	19119	0.000000
281474976710655.000000	35.836655	19120	0.000000
281474976710655.000000	34.926674	19121	0.000000
281474976710655.000000	34.961411	19122	0.000000
281474976710655.000000	45.389263	19123	0.000000
281474976710655.000000	26.592367	19124	0.000000
281474976710655.000000	32.294682	19125	0.000000
281474976710655.000000	34.081612	19126	0.000000
281474976710655.000000	35.772778	19127	0.000000
281474976710655.000000	32.143524	19128	0.000000
281474976710655.000000	28.301701	19129	0.000000
281474976710655.000000	33.849613	19130	0.000000
281474976710655.000000	35.740986	19131	0.000000
281474976710655.000000	29.445427	19132	0.000000
281474976710655.000000	41.902515	19133	0.000000
281474976710655.000000	32.776066	19134	0.000000
281474976710655.000000	35.897499	19135	0.000000
281474976710655.000000	27.360569	19136	0.000000
281474976710655.000000	42.810989	19137	0.000000
281474976710655.000000	28.419378	19138	0.000000
281474976710655.000000	28.155033	19139	0.000000
281474976710655.000000	30.261864	19140	0.000000
281474976710655.000000	35.437176	19141	0.000000
281474976710655.000000	32.275623	19142	0.000000
281474976710655.000000	31.114006	19143	0.000000
281474976710655.000000	30.186455	19144	0.000000
281474976710655.000000	32.600647	19145	0.000000
281474976710655.000000	34.593006	19146	0.000000
281474976710655.000000	29.536613	19147	0.000000
281474976710655.000000	30.688852	19148	0.000000
281474976710655.000000	35.674465	19149	0.000000
281474976710655.000000	30.552633	19150	0.000000
281474976710655.000000	34.389107	19151	0.000000
281474976710655.000000	34.075855	19152	0.000000
281474976710655.000000	39.797935	19153	0.000000
281474976710655.000000	34.462677	19154	0.000000
281474976710655.000000	33.540520	19155	0.000000
281474976710655.000000	28.501772	19156	0.000000
281474976710655.000000	30.078650	19157	0.000000
281474976710655.000000	32.747433	19158	0.000000
281474976710655.000000	37.707741	19159	0.000000
281474976710655.000000	31.003424	19160	0.000000
281474976710655.000000	31.824411	19161	0.000000
281474976710655.000000	29.169235	19162	0.000000
281474976710655.000000	32.905956	19163	0.000000
281474976710655.000000	25.632608	19164	0.000000
281474976710655.000000	35.672276	19165	0.000000
281474976710655.000000	34.115719	19166	0.000000
281474976710655.000000	32.042889	19167	0.000000
281474976710655.000000	29.921354	19168	0.000000
281474976710655.000000	32.994690	19169	0.000000
281474976710655.000000	30.277264	19170	0.000000
281474976710655.000000	30.357336	19171	0.000000
281474976710655.000000	29.064449	19172	0.000000
281474976710655.000000	32.904106	19173	0.000000
281474976710655.000000	33.262283	19174	0.000000
281474976710655.000000	29.254803	19175	0.000000
281474976710655.000000	27.146828	19176	0.000000
281474976710655.000000	35.689442	19177	0.000000
281474976710655.000000	29.166210	19178	0.000000
281474976710655.000000	29.551128	19179	0.000000
281474976710655.000000	34.616405	19180	0.000000
281474976710655.000000	28.377731	19181	0.000000
281474976710655.000000	31.843504	19182	0.000000
281474976710655.000000	27.756186	19183	0.000000
281474976710655.000000	25.262592	19184	0.000000
281474976710655.000000	30.447542	19185	0.000000
281474976710655.000000	29.932144	19186	0.000000
281474976710655.000000	24.974270	19187	0.000000
281474976710655.000000	33.065987	19188	0.000000
281474976710655.000000	33.910233	19189	0.000000
281474976710655.000000	26.258389	19190	0.000000
281474976710655.000000	29.909369	19191	0.000000
281474976710655.000000	32.618256	19192	0.000000
281474976710655.000000	26.148401	19193	0.000000
281474976710655.000000	31.689238	19194	0.000000
281474976710655.000000	30.427881	19195	0.000000
281474976710655.000000	28.548697	19196	0.000000
281474976710655.000000	30.065342	19197	0.000000
281474976710655.000000	30.460819	19198	0.000000
281474976710655.000000	27.560749	19199	0.000000
281474976710655.000000	28.086916	19200	0.000000
281474976710655.000000	29.191711	19201	0.000000
281474976710655.000000	30.966236	19202	0.000000
281474976710655.000000	28.308132	19203	0.000000
281474976710655.000000	30.245401	19204	0.000000
281474976710655.000000	31.821766	19205	0.000000
281474976710655.000000	29.366861	19206	0.000000
281474976710655.000000	27.473816	19207	0.000000
281474976710655.000000	26.671986	19208	0.000000
281474976710655.000000	32.511261	19209	0.000000
281474976710655.000000	25.324343	19210	0.000000
281474976710655.000000	26.784811	19211	0.000000
281474976710655.000000	30.436657	19212	0.000000
281474976710655.000000	27.019924	19213	0.000000
281474976710655.000000	26.552628	19214	0.000000
281474976710655.000000	31.596163	19215	0.000000
281474976710655.000000	25.950363	19216	0.000000
281474976710655.000000	27.368959	19217	0.000000
281474976710655.000000	27.838535	19218	0.000000
281474976710655.000000	26.378954	19219	0.000000
281474976710655.000000	27.055716	19220	0.000000
281474976710655.000000	29.275198	19221	0.000000
281474976710655.000000	25.486023	19222	0.000000
281474976710655.000000	25.087259	19223	0.000000
281474976710655.000000	23.075504	19224	0.000000
281474976710655.000000	29.749100	19225	0.000000
281474976710655.000000	28.393568	19226	0.000000
281474976710655.000000	24.204947	19227	0.000000
281474976710655.000000	24.404787	19228	0.000000
281474976710655.000000	28.492867	19229	0.000000
281474976710655.000000	23.357574	19230	0.000000
281474976710655.000000	28.714098	19231	0.000000
281474976710655.000000	27.526300	19232	0.000000
281474976710655.000000	25.572893	19233	0.000000
281474976710655.000000	26.204916	19234	0.000000
281474976710655.000000	28.337353	19235	0.000000
281474976710655.000000	31.279461	19236	0.000000
281474976710655.000000	25.019701	19237	0.000000
281474976710655.000000	27.755194	19238	0.000000
281474976710655.000000	28.278261	19239	0.000000
281474976710655.000000	25.400812	19240	0.000000
281474976710655.000000	28.916153	19241	0.000000
281474976710655.000000	27.575851	19242	0.000000
281474976710655.000000	25.617666	19243	0.000000
281474976710655.000000	25.209658	19244	0.000000
281474976710655.000000	27.547520	19245	0.000000
281474976710655.000000	23.724682	19246	0.000000
281474976710655.000000	28.258486	19247	0.000000
281474976710655.000000	25.411530	19248	0.000000
281474976710655.000000	26.960022	19249	0.000000
281474976710655.000000	24.291044	19250	0.000000
281474976710655.000000	24.175259	19251	0.000000
281474976710655.000000	24.709326	19252	0.000000
281474976710655.000000	27.919201	19253	0.000000
281474976710655.000000	26.899397	19254	0.000000
281474976710655.000000	30.963631	19255	0.000000
281474976710655.000000	22.700008	19256	0.000000
281474976710655.000000	28.446417	19257	0.000000
281474976710655.000000	25.173019	19258	0.000000
281474976710655.000000	28.027712	19259	0.000000
281474976710655.000000	24.167324	19260	0.000000
281474976710655.000000	24.887407	19261	0.000000
281474976710655.000000	23.086662	19262	0.000000
281474976710655.000000	27.667557	19263	0.000000
281474976710655.000000	26.759579	19264	0.000000
281474976710655.000000	26.126278	19265	0.000000
281474976710655.000000	23.114784	19266	0.000000
281474976710655.000000	22.875933	19267	0.000000
281474976710655.000000	23.656427	19268	0.000000
281474976710655.000000	26.120981	19269	0.000000
281474976710655.000000	24.545469	19270	0.000000
281474976710655.000000	24.987289	19271	0.000000
281474976710655.000000	24.010643	19272	0.000000
281474976710655.000000	26.703012	19273	0.000000
281474976710655.000000	23.802349	19274	0.000000
281474976710655.000000	25.546352	19275	0.000000
281474976710655.000000	22.193640	19276	0.000000
281474976710655.000000	29.819559	19277	0.000000
281474976710655.000000	23.941753	19278	0.000000
281474976710655.000000	22.996965	19279	0.000000
281474976710655.000000	24.064699	19280	0.000000
281474976710655.000000	28.107941	19281	0.000000
281474976710655.000000	23.252724	19282	0.000000
281474976710655.000000	28.211510	19283	0.000000
281474976710655.000000	23.282158	19284	0.000000
281474976710655.000000	23.381163	19285	0.000000
281474976710655.000000	21.354380	19286	0.000000
281474976710655.000000	25.819563	19287	0.000000
281474976710655.000000	23.420897	19288	0.000000
281474976710655.000000	25.729853	19289	0.000000
281474976710655.000000	23.802174	19290	0.000000
281474976710655.000000	24.934872	19291	0.000000
281474976710655.000000	22.631565	19292	0.000000
281474976710655.000000	21.457708	19293	0.000000
281474976710655.000000	24.331932	19294	0.000000
281474976710655.000000	26.127266	19295	0.000000
281474976710655.000000	23.696568	19296	0.000000
281474976710655.000000	23.382839	19297	0.000000
281474976710655.000000	23.331207	19298	0.000000
281474976710655.000000	22.876909	19299	0.000000
281474976710655.000000	23.086933	19300	0.000000
281474976710655.000000	22.859745	19301	0.000000
281474976710655.000000	23.997828	19302	0.000000
281474976710655.000000	23.483316	19303	0.000000
281474976710655.000000	24.463974	19304	0.000000
281474976710655.000000	24.761774	19305	0.000000
281474976710655.000000	24.353224	19306	0.000000
281474976710655.000000	20.382795	19307	0.000000
281474976710655.000000	22.851627	19308	0.000000
281474976710655.000000	24.527487	19309	0.000000
281474976710655.000000	22.588196	19310	0.000000
281474976710655.000000	22.845081	19311	0.000000
281474976710655.000000	22.355995	19312	0.000000
281474976710655.000000	23.067091	19313	0.000000
281474976710655.000000	21.080740	19314	0.000000
281474976710655.000000	22.766033	19315	0.000000
281474976710655.000000	23.474054	19316	0.000000
281474976710655.000000	23.882153	19317	0.000000
281474976710655.000000	22.589003	19318	0.000000
281474976710655.000000	21.682602	19319	0.000000
281474976710655.000000	22.601093	19320	0.000000
281474976710655.000000	24.824379	19321	0.000000
281474976710655.000000	22.431717	19322	0.000000
281474976710655.000000	23.139938	19323	0.000000
281474976710655.000000	22.288195	19324	0.000000
281474976710655.000000	23.521179	19325	0.000000
281474976710655.000000	21.497366	19326	0.000000
281474976710655.000000	22.028257	19327	0.000000
281474976710655.000000	20.797400	19328	0.000000
281474976710655.000000	20.329762	19329	0.000000
281474976710655.000000	21.447805	19330	0.000000
281474976710655.000000	22.857841	19331	0.000000
281474976710655.000000	22.105293	19332	0.000000
281474976710655.000000	23.090931	19333	0.000000
281474976710655.000000	20.947119	19334	0.000000
281474976710655.000000	21.777176	19335	0.000000
281474976710655.000000	20.602222	19336	0.000000
281474976710655.000000	23.894632	19337	0.000000
281474976710655.000000	21.483013	19338	0.000000
281474976710655.000000	23.776852	19339	0.000000
281474976710655.000000	20.958773	19340	0.000000
281474976710655.000000	23.348005	19341	0.000000
281474976710655.000000	20.544241	19342	0.000000
281474976710655.000000	20.250820	19343	0.000000
281474976710655.000000	21.107866	19344	0.000000
281474976710655.000000	23.198807	19345	0.000000
281474976710655.000000	19.310282	19346	0.000000
281474976710655.000000	22.711803	19347	0.000000
281474976710655.000000	21.395632	19348	0.000000
281474976710655.000000	22.005512	19349	0.000000
281474976710655.000000	20.006666	19350	0.000000
281474976710655.000000	23.670465	19351	0.000000
281474976710655.000000	20.789402	19352	0.000000
281474976710655.000000	21.613003	19353	0.000000
281474976710655.000000	19.978727	19354	0.000000
281474976710655.000000	23.047106	19355	0.000000
281474976710655.000000	18.833822	19356	0.000000
281474976710655.000000	21.505867	19357	0.000000
281474976710655.000000	20.415810	19358	0.000000
281474976710655.000000	21.690409	19359	0.000000
281474976710655.000000	21.027149	19360	0.000000
281474976710655.000000	21.972618	19361	0.000000
281474976710655.000000	20.909853	19362	0.000000
281474976710655.000000	21.933842	19363	0.000000
281474976710655.000000	20.562408	19364	0.000000
281474976710655.000000	21.003796	19365	0.000000
281474976710655.000000	20.313551	19366	0.000000
281474976710655.000000	20.967117	19367	0.000000
281474976710655.000000	19.825195	19368	0.000000
281474976710655.000000	20.943644	19369	0.000000
281474976710655.000000	20.449335	19370	0.000000
281474976710655.000000	21.236237	19371	0.000000
281474976710655.000000	20.512026	19372	0.000000
281474976710655.000000	19.250998	19373	0.000000
281474976710655.000000	19.869894	19374	0.000000
281474976710655.000000	20.865234	19375	0.000000
281474976710655.000000	20.326408	19376	0.000000
281474976710655.000000	20.090488	19377	0.000000
281474976710655.000000	19.932442	19378	0.000000
281474976710655.000000	21.148449	19379	0.000000
281474976710655.000000	20.654640	19380	0.000000
281474976710655.000000	20.111362	19381	0.000000
281474976710655.000000	19.583185	19382	0.000000
281474976710655.000000	20.314426	19383	0.000000
281474976710655.000000	20.144886	19384	0.000000
281474976710655.000000	18.182335	19385	0.000000
281474976710655.000000	20.002621	19386	0.000000
281474976710655.000000	20.801695	19387	0.000000
281474976710655.000000	19.657360	19388	0.000000
281474976710655.000000	20.267475	19389	0.000000
281474976710655.000000	19.438904	19390	0.000000
281474976710655.000000	19.790449	19391	0.000000
281474976710655.000000	20.478474	19392	0.000000
281474976710655.000000	20.409315	19393	0.000000
281474976710655.000000	19.424898	19394	0.000000
