crossing time (s)	slope (V/s)	crossing number
281474976710655.000000	32.792950	19556	0.000000
281474976710655.000000	29.479580	19557	0.000000
281474976710655.000000	25.058510	19558	0.000000
281474976710655.000000	27.588013	19559	0.000000
281474976710655.000000	29.776209	19560	0.000000
281474976710655.000000	27.486536	19561	0.000000
281474976710655.000000	23.637589	19562	0.000000
281474976710655.000000	28.481524	19563	0.000000
281474976710655.000000	25.603640	19564	0.000000
281474976710655.000000	28.182278	19565	0.000000
281474976710655.000000	27.653296	19566	0.000000
281474976710655.000000	25.506063	19567	0.000000
281474976710655.000000	26.107494	19568	0.000000
281474976710655.000000	28.221960	19569	0.000000
281474976710655.000000	26.604166	19570	0.000000
281474976710655.000000	26.232328	19571	0.000000
281474976710655.000000	30.860016	19572	0.000000
281474976710655.000000	28.299629	19573	0.000000
281474976710655.000000	25.273746	19574	0.000000
281474976710655.000000	27.079111	19575	0.000000
281474976710655.000000	25.659960	19576	0.000000
281474976710655.000000	29.792099	19577	0.000000
281474976710655.000000	26.279541	19578	0.000000
281474976710655.000000	27.770248	19579	0.000000
281474976710655.000000	27.233553	19580	0.000000
281474976710655.000000	27.317492	19581	0.000000
281474976710655.000000	26.361004	19582	0.000000
281474976710655.000000	25.577452	19583	0.000000
281474976710655.000000	26.552759	19584	0.000000
281474976710655.000000	27.435251	19585	0.000000
281474976710655.000000	24.431398	19586	0.000000
281474976710655.000000	25.340843	19587	0.000000
281474976710655.000000	26.916574	19588	0.000000
281474976710655.000000	25.967550	19589	0.000000
281474976710655.000000	23.072285	19590	0.000000
281474976710655.000000	24.883173	19591	0.000000
281474976710655.000000	28.876919	19592	0.000000
281474976710655.000000	27.805199	19593	0.000000
281474976710655.000000	25.420002	19594	0.000000
281474976710655.000000	27.990158	19595	0.000000
281474976710655.000000	24.176889	19596	0.000000
281474976710655.000000	25.198137	19597	0.000000
281474976710655.000000	27.374950	19598	0.000000
281474976710655.000000	22.929064	19599	0.000000
281474976710655.000000	25.416994	19600	0.000000
281474976710655.000000	29.378365	19601	0.000000
281474976710655.000000	23.550419	19602	0.000000
281474976710655.000000	25.539846	19603	0.000000
281474976710655.000000	24.249002	19604	0.000000
281474976710655.000000	27.070211	19605	0.000000
281474976710655.000000	26.145565	19606	0.000000
281474976710655.000000	23.590519	19607	0.000000
281474976710655.000000	25.675615	19608	0.000000
281474976710655.000000	26.456707	19609	0.000000
281474976710655.000000	27.351315	19610	0.000000
281474976710655.000000	25.339956	19611	0.000000
281474976710655.000000	27.213459	19612	0.000000
281474976710655.000000	26.628199	19613	0.000000
281474976710655.000000	26.585627	19614	0.000000
281474976710655.000000	25.983528	19615	0.000000
281474976710655.000000	25.864618	19616	0.000000
281474976710655.000000	26.478683	19617	0.000000
281474976710655.000000	22.492191	19618	0.000000
281474976710655.000000	28.907028	19619	0.000000
281474976710655.000000	26.141365	19620	0.000000
281474976710655.000000	24.205738	19621	0.000000
281474976710655.000000	26.916878	19622	0.000000
281474976710655.000000	27.479717	19623	0.000000
281474976710655.000000	24.891361	19624	0.000000
281474976710655.000000	23.545992	19625	0.000000
281474976710655.000000	24.840607	19626	0.000000
281474976710655.000000	24.746647	19627	0.000000
281474976710655.000000	24.935526	19628	0.000000
281474976710655.000000	25.961123	19629	0.000000
281474976710655.000000	23.878653	19630	0.000000
281474976710655.000000	23.671143	19631	0.000000
281474976710655.000000	23.591936	19632	0.000000
281474976710655.000000	27.388798	19633	0.000000
281474976710655.000000	23.441227	19634	0.000000
281474976710655.000000	23.430279	19635	0.000000
281474976710655.000000	24.159971	19636	0.000000
281474976710655.000000	23.029007	19637	0.000000
281474976710655.000000	22.685194	19638	0.000000
281474976710655.000000	24.330948	19639	0.000000
281474976710655.000000	25.766611	19640	0.000000
281474976710655.000000	24.889025	19641	0.000000
281474976710655.000000	22.814611	19642	0.000000
281474976710655.000000	23.920424	19643	0.000000
281474976710655.000000	23.613909	19644	0.000000
281474976710655.000000	24.036833	19645	0.000000
281474976710655.000000	23.590544	19646	0.000000
281474976710655.000000	25.156067	19647	0.000000
281474976710655.000000	23.898399	19648	0.000000
281474976710655.000000	23.755733	19649	0.000000
281474976710655.000000	23.644970	19650	0.000000
281474976710655.000000	23.462116	19651	0.000000
281474976710655.000000	23.902998	19652	0.000000
281474976710655.000000	21.387342	19653	0.000000
281474976710655.000000	24.673313	19654	0.000000
281474976710655.000000	23.989979	19655	0.000000
281474976710655.000000	21.762836	19656	0.000000
281474976710655.000000	23.639639	19657	0.000000
281474976710655.000000	22.106216	19658	0.000000
281474976710655.000000	23.505152	19659	0.000000
281474976710655.000000	23.208790	19660	0.000000
281474976710655.000000	22.512907	19661	0.000000
281474976710655.000000	22.722219	19662	0.000000
281474976710655.000000	25.262211	19663	0.000000
281474976710655.000000	22.526720	19664	0.000000
281474976710655.000000	24.930799	19665	0.000000
281474976710655.000000	21.039263	19666	0.000000
281474976710655.000000	23.126280	19667	0.000000
281474976710655.000000	22.082529	19668	0.000000
281474976710655.000000	26.390436	19669	0.000000
281474976710655.000000	23.649620	19670	0.000000
281474976710655.000000	20.774796	19671	0.000000
281474976710655.000000	22.680874	19672	0.000000
281474976710655.000000	25.208769	19673	0.000000
281474976710655.000000	22.062037	19674	0.000000
281474976710655.000000	23.380701	19675	0.000000
281474976710655.000000	21.290890	19676	0.000000
281474976710655.000000	24.641462	19677	0.000000
281474976710655.000000	23.263927	19678	0.000000
281474976710655.000000	22.274311	19679	0.000000
281474976710655.000000	21.818117	19680	0.000000
281474976710655.000000	20.502949	19681	0.000000
281474976710655.000000	22.437231	19682	0.000000
281474976710655.000000	21.989241	19683	0.000000
281474976710655.000000	21.853338	19684	0.000000
281474976710655.000000	23.624949	19685	0.000000
281474976710655.000000	20.984243	19686	0.000000
281474976710655.000000	20.328985	19687	0.000000
281474976710655.000000	20.853636	19688	0.000000
281474976710655.000000	23.155567	19689	0.000000
281474976710655.000000	21.017529	19690	0.000000
281474976710655.000000	20.726583	19691	0.000000
281474976710655.000000	20.817970	19692	0.000000
281474976710655.000000	22.650742	19693	0.000000
281474976710655.000000	21.681152	19694	0.000000
281474976710655.000000	21.110167	19695	0.000000
281474976710655.000000	21.456293	19696	0.000000
281474976710655.000000	21.260059	19697	0.000000
281474976710655.000000	21.988728	19698	0.000000
281474976710655.000000	21.020521	19699	0.000000
281474976710655.000000	21.067093	19700	0.000000
281474976710655.000000	20.935308	19701	0.000000
281474976710655.000000	21.948996	19702	0.000000
281474976710655.000000	21.047825	19703	0.000000
281474976710655.000000	21.472469	19704	0.000000
281474976710655.000000	20.860468	19705	0.000000
281474976710655.000000	21.258118	19706	0.000000
281474976710655.000000	20.511051	19707	0.000000
281474976710655.000000	19.815273	19708	0.000000
281474976710655.000000	20.176182	19709	0.000000
281474976710655.000000	20.237610	19710	0.000000
281474976710655.000000	20.185572	19711	0.000000
281474976710655.000000	20.937635	19712	0.000000
281474976710655.000000	21.611584	19713	0.000000
281474976710655.000000	20.794605	19714	0.000000
281474976710655.000000	20.442947	19715	0.000000
281474976710655.000000	19.931538	19716	0.000000
281474976710655.000000	20.114008	19717	0.000000
281474976710655.000000	20.534822	19718	0.000000
281474976710655.000000	20.971090	19719	0.000000
281474976710655.000000	20.593872	19720	0.000000
281474976710655.000000	21.887228	19721	0.000000
281474976710655.000000	19.617006	19722	0.000000
281474976710655.000000	20.624643	19723	0.000000
281474976710655.000000	20.543932	19724	0.000000
281474976710655.000000	20.697512	19725	0.000000
281474976710655.000000	20.661936	19726	0.000000
281474976710655.000000	21.951069	19727	0.000000
281474976710655.000000	19.575943	19728	0.000000
281474976710655.000000	20.397558	19729	0.000000
281474976710655.000000	20.250484	19730	0.000000
281474976710655.000000	20.117714	19731	0.000000
281474976710655.000000	18.419525	19732	0.000000
281474976710655.000000	21.061857	19733	0.000000
281474976710655.000000	19.459839	19734	0.000000
281474976710655.000000	20.755850	19735	0.000000
281474976710655.000000	19.724257	19736	0.000000
281474976710655.000000	20.614012	19737	0.000000
281474976710655.000000	19.301105	19738	0.000000
281474976710655.000000	18.651346	19739	0.000000
281474976710655.000000	18.742268	19740	0.000000
281474976710655.000000	20.244398	19741	0.000000
281474976710655.000000	19.923553	19742	0.000000
281474976710655.000000	19.793884	19743	0.000000
281474976710655.000000	19.627937	19744	0.000000
281474976710655.000000	19.833050	19745	0.000000
281474976710655.000000	19.178398	19746	0.000000
281474976710655.000000	20.161682	19747	0.000000
281474976710655.000000	19.827608	19748	0.000000
281474976710655.000000	19.942261	19749	0.000000
281474976710655.000000	19.578138	19750	0.000000
281474976710655.000000	18.926672	19751	0.000000
281474976710655.000000	19.102625	19752	0.000000
281474976710655.000000	19.881567	19753	0.000000
281474976710655.000000	20.027380	19754	0.000000
281474976710655.000000	19.120094	19755	0.000000
281474976710655.000000	19.385822	19756	0.000000
281474976710655.000000	19.450228	19757	0.000000
281474976710655.000000	18.439348	19758	0.000000
281474976710655.000000	19.778727	19759	0.000000
281474976710655.000000	19.387823	19760	0.000000
281474976710655.000000	18.817135	19761	0.000000
281474976710655.000000	19.009590	19762	0.000000
281474976710655.000000	19.127762	19763	0.000000
281474976710655.000000	19.314333	19764	0.000000
281474976710655.000000	19.910349	19765	0.000000
281474976710655.000000	18.639885	19766	0.000000
281474976710655.000000	19.164936	19767	0.000000
281474976710655.000000	19.727797	19768	0.000000
281474976710655.000000	19.199389	19769	0.000000
281474976710655.000000	19.117414	19770	0.000000
281474976710655.000000	18.966045	19771	0.000000
281474976710655.000000	18.447277	19772	0.000000
281474976710655.000000	19.870913	19773	0.000000
281474976710655.000000	18.562254	19774	0.000000
281474976710655.000000	18.275557	19775	0.000000
281474976710655.000000	19.115702	19776	0.000000
281474976710655.000000	18.337015	19777	0.000000
281474976710655.000000	18.454884	19778	0.000000
281474976710655.000000	18.542467	19779	0.000000
281474976710655.000000	18.041721	19780	0.000000
281474976710655.000000	17.818598	19781	0.000000
281474976710655.000000	18.491592	19782	0.000000
281474976710655.000000	18.172174	19783	0.000000
281474976710655.000000	18.496811	19784	0.000000
281474976710655.000000	19.288481	19785	0.000000
281474976710655.000000	17.994713	19786	0.000000
281474976710655.000000	18.336121	19787	0.000000
281474976710655.000000	17.902082	19788	0.000000
281474976710655.000000	18.516932	19789	0.000000
281474976710655.000000	17.522188	19790	0.000000
281474976710655.000000	18.017363	19791	0.000000
281474976710655.000000	17.360678	19792	0.000000
281474976710655.000000	17.778851	19793	0.000000
281474976710655.000000	17.524324	19794	0.000000
281474976710655.000000	18.255713	19795	0.000000
281474976710655.000000	17.242529	19796	0.000000
281474976710655.000000	18.602057	19797	0.000000
281474976710655.000000	16.694183	19798	0.000000
281474976710655.000000	18.147331	19799	0.000000
281474976710655.000000	16.959179	19800	0.000000
281474976710655.000000	18.472982	19801	0.000000
281474976710655.000000	17.478624	19802	0.000000
281474976710655.000000	18.527185	19803	0.000000
281474976710655.000000	17.815733	19804	0.000000
281474976710655.000000	18.087481	19805	0.000000
281474976710655.000000	17.132303	19806	0.000000
281474976710655.000000	17.671886	19807	0.000000
281474976710655.000000	17.515314	19808	0.000000
281474976710655.000000	17.542730	19809	0.000000
281474976710655.000000	16.516796	19810	0.000000
281474976710655.000000	18.805296	19811	0.000000
281474976710655.000000	16.928860	19812	0.000000
281474976710655.000000	17.880119	19813	0.000000
281474976710655.000000	16.199930	19814	0.000000
281474976710655.000000	17.504026	19815	0.000000
281474976710655.000000	16.817120	19816	0.000000
281474976710655.000000	17.082247	19817	0.000000
281474976710655.000000	16.735853	19818	0.000000
281474976710655.000000	17.589567	19819	0.000000
281474976710655.000000	16.748230	19820	0.000000
281474976710655.000000	16.807869	19821	0.000000
281474976710655.000000	16.520391	19822	0.000000
281474976710655.000000	17.111134	19823	0.000000
281474976710655.000000	17.030710	19824	0.000000
281474976710655.000000	17.654408	19825	0.000000
281474976710655.000000	17.411091	19826	0.000000
281474976710655.000000	16.997637	19827	0.000000
281474976710655.000000	17.724848	19828	0.000000
281474976710655.000000	17.322941	19829	0.000000
281474976710655.000000	17.209063	19830	0.000000
281474976710655.000000	16.940651	19831	0.000000
281474976710655.000000	17.232313	19832	0.000000
281474976710655.000000	16.443083	19833	0.000000
281474976710655.000000	16.755779	19834	0.000000
281474976710655.000000	16.424311	19835	0.000000
281474976710655.000000	16.780081	19836	0.000000
281474976710655.000000	16.140936	19837	0.000000
281474976710655.000000	16.727903	19838	0.000000
281474976710655.000000	16.308775	19839	0.000000
281474976710655.000000	16.817686	19840	0.000000
281474976710655.000000	16.439234	19841	0.000000
281474976710655.000000	16.723267	19842	0.000000
281474976710655.000000	16.281889	19843	0.000000
281474976710655.000000	16.491934	19844	0.000000
281474976710655.000000	16.552582	19845	0.000000
281474976710655.000000	16.464399	19846	0.000000
281474976710655.000000	16.507011	19847	0.000000
281474976710655.000000	16.045452	19848	0.000000
281474976710655.000000	16.792469	19849	0.000000
